# Rendering baseline: 8x6 grid of mean RGB per stage.
# Written by tools/render_refs.py capture. Check with 'check'.
9:Bunker1 21 21 22 21 21 21 18 18 19 23 24 24 19 20 20 17 18 18 20 20 20 21 21 22 26 26 28 26 26 26 27 27 28 62 64 64 46 48 49 32 33 34 26 26 27 26 27 28 25 26 27 25 25 26 27 27 28 52 54 52 48 50 39 31 32 33 26 26 27 26 27 28 28 29 30 28 28 29 27 28 29 38 40 41 39 41 36 30 31 31 28 28 29 29 30 31 26 26 28 26 26 27 26 28 30 32 34 35 31 32 33 29 30 34 27 29 30 26 27 28 18 18 19 18 19 20 19 21 22 22 24 23 23 24 23 19 15 16 30 31 33 19 20 22
20:Silo 13 13 14 16 16 16 20 20 20 22 22 22 24 24 24 12 13 13 12 12 13 10 11 11 20 21 22 20 22 21 26 26 26 28 28 28 32 32 32 16 16 16 12 12 12 14 14 15 30 33 34 35 37 37 26 26 26 29 29 29 32 32 32 15 16 16 18 18 18 17 18 19 49 50 52 56 57 58 26 26 26 29 29 29 32 32 32 16 16 16 27 25 25 28 28 30 31 33 34 33 34 34 31 31 31 30 30 30 30 30 29 26 28 28 24 25 26 27 27 28 19 19 20 22 22 22 22 22 22 20 20 20 23 23 23 14 14 11 24 24 24 13 14 14
22:Statue 0 0 3 1 0 4 5 3 4 8 4 5 17 10 7 20 11 8 18 11 8 17 10 7 5 2 6 4 2 6 7 4 6 10 6 7 11 6 7 9 5 6 5 3 6 4 2 6 0 0 5 0 0 5 0 0 5 0 0 5 0 0 5 2 2 7 10 11 15 12 13 16 14 18 13 13 18 12 13 17 12 13 17 12 12 16 11 16 20 13 18 22 14 18 21 15 15 18 10 14 17 9 14 18 10 14 18 9 15 18 10 15 17 11 16 20 13 14 16 11 10 13 8 10 12 7 10 12 9 12 14 9 12 14 8 11 11 8 22 24 18 12 14 9
23:Control 24 27 28 18 18 19 15 15 15 13 14 14 16 17 17 19 20 21 17 19 20 15 17 18 65 73 77 49 55 59 35 38 40 30 33 34 29 31 32 21 22 20 21 24 26 20 23 25 73 81 85 59 66 69 37 41 43 26 30 32 28 33 32 26 28 17 28 33 35 26 30 33 58 67 71 52 60 64 34 39 41 36 40 42 36 41 36 31 33 21 34 38 33 34 38 37 33 38 41 35 39 42 33 37 39 42 48 51 45 52 52 37 40 29 42 50 53 40 46 49 36 40 42 32 36 38 28 32 33 40 45 48 40 47 45 25 24 20 44 48 50 34 39 41
24:Archives 25 22 18 23 20 16 21 19 15 21 19 15 21 19 15 21 19 15 21 19 15 21 19 15 28 26 21 31 28 22 32 29 23 32 28 23 29 26 21 29 26 20 28 26 21 27 25 21 47 48 51 41 39 37 37 36 35 35 34 32 47 46 45 37 36 36 33 33 33 41 41 41 38 47 36 18 27 17 26 39 23 32 36 28 66 68 65 24 27 23 22 30 21 37 44 38 34 39 27 49 49 40 65 59 50 38 28 21 37 28 21 33 26 20 23 22 12 20 30 14 51 47 40 55 51 44 53 47 40 40 33 27 29 20 15 22 13 9 23 14 9 22 15 9
25:Train 8 8 8 9 8 9 8 8 8 8 8 8 9 8 8 9 9 9 9 9 9 9 9 9 17 18 14 16 17 14 16 17 14 17 18 14 16 17 14 16 17 13 16 17 13 22 17 10 22 23 19 22 23 19 23 24 20 22 23 20 22 24 20 23 24 19 22 24 19 29 22 14 21 23 19 21 23 19 21 23 19 22 24 20 26 28 23 27 30 25 33 32 24 44 32 20 29 32 26 24 26 21 22 24 20 23 24 20 28 30 25 32 34 29 33 27 17 38 27 15 39 35 25 36 33 23 34 30 21 31 27 19 35 31 22 25 22 17 35 30 22 27 20 11
26:Frigate 7 22 44 7 22 44 7 22 44 7 22 44 24 31 41 46 46 46 48 48 48 47 47 48 10 30 59 10 30 59 10 30 59 10 30 59 47 53 63 64 63 63 65 64 63 63 63 64 7 23 48 7 23 48 7 23 48 7 23 48 50 52 57 62 60 59 63 60 59 60 58 58 2 14 32 2 14 32 2 14 32 2 14 32 13 20 31 45 39 38 52 46 45 58 53 52 4 24 41 4 24 41 27 44 58 70 75 78 57 59 61 14 19 23 17 16 16 33 26 24 5 24 36 41 55 62 100 102 102 23 18 15 14 9 6 11 12 11 29 31 31 8 10 11
27:Bunker2 20 19 20 20 21 21 20 20 20 20 20 21 20 20 21 20 20 21 21 21 22 18 17 18 22 21 21 21 21 21 19 19 19 19 19 19 19 19 19 21 21 21 26 26 26 26 25 26 26 25 25 25 24 24 25 24 22 24 23 23 24 23 23 26 25 26 28 28 28 27 26 27 28 27 26 27 26 26 26 25 24 26 25 24 26 24 24 27 27 27 30 30 31 29 28 29 26 25 25 27 26 26 27 25 25 27 26 26 22 21 21 21 20 20 31 31 31 30 29 30 17 16 16 18 17 17 17 16 16 18 17 17 20 19 19 16 15 15 24 24 24 24 23 24
28:Aztec 9 9 7 9 9 7 11 11 8 13 13 10 13 13 10 10 10 7 9 9 7 9 8 6 12 12 9 12 12 9 21 21 16 19 19 16 19 19 15 20 20 16 13 13 10 12 12 9 12 12 9 12 12 9 34 34 27 34 34 26 34 34 27 35 35 27 12 12 9 12 12 9 11 11 9 15 15 11 44 45 39 55 56 51 57 57 53 45 45 39 14 14 11 11 11 9 11 11 9 30 30 28 81 81 78 90 91 86 85 85 81 71 72 69 30 30 28 12 12 9 9 9 7 33 33 32 60 61 55 64 65 58 61 62 55 28 25 22 39 39 38 9 10 7
29:Streets 18 15 13 20 15 13 21 18 16 27 25 22 22 20 17 18 14 12 17 14 12 21 17 16 23 17 15 25 20 17 29 24 22 18 19 20 21 19 18 24 19 17 23 16 14 28 24 21 22 16 14 19 14 12 26 22 20 27 26 25 26 22 20 24 18 16 23 16 14 28 24 21 25 18 16 30 23 21 36 33 31 28 27 27 19 17 17 22 17 15 23 16 14 29 24 22 33 29 27 29 28 28 19 19 19 15 15 15 14 14 14 16 16 16 19 15 14 29 24 22 17 17 17 12 12 12 11 11 11 11 11 11 11 11 11 19 17 14 21 20 20 17 16 15
30:Depot 0 0 4 0 0 3 1 4 7 2 8 11 5 17 19 7 22 23 10 18 18 19 21 16 0 0 5 0 1 5 0 2 7 1 5 9 4 11 15 7 13 15 20 23 18 30 34 26 11 10 12 9 8 10 5 5 8 5 5 9 4 4 8 14 13 12 27 30 24 38 43 33 11 10 9 8 7 7 6 6 6 7 7 7 10 10 11 22 22 22 33 34 31 50 54 46 6 6 6 7 7 7 8 8 8 8 8 8 9 9 9 15 15 15 22 22 22 34 34 34 4 4 4 4 4 4 5 5 5 5 5 5 5 5 5 8 7 6 19 18 18 11 11 11
31:Complex 9 9 9 41 16 11 46 23 21 30 33 30 25 26 22 28 27 31 17 17 22 7 7 7 42 38 37 109 58 30 29 29 29 31 47 34 45 56 44 34 33 33 29 31 40 25 25 26 39 39 39 79 68 44 51 49 38 34 37 34 31 28 25 37 37 38 39 41 43 35 34 34 59 59 59 91 44 33 48 24 22 20 23 20 33 37 33 44 44 48 38 38 48 36 36 36 48 45 43 107 72 43 43 43 43 35 49 35 39 52 39 42 42 42 50 52 58 54 54 55 41 41 41 54 49 34 28 26 16 28 30 28 28 31 28 29 30 30 30 31 33 36 36 36
32:Egypt 20 19 16 17 16 13 42 39 33 45 43 38 33 31 26 17 15 12 31 29 23 19 18 15 27 25 21 41 38 31 33 32 29 27 27 27 46 43 36 23 21 16 40 36 29 21 19 16 28 26 21 48 44 36 54 51 44 42 43 42 58 54 45 24 22 17 46 42 33 25 24 19 30 28 23 52 50 44 39 41 42 45 46 45 65 59 47 25 23 18 47 43 34 25 23 19 24 22 19 55 53 47 55 53 46 62 59 49 67 61 48 40 37 30 50 45 36 22 21 17 10 10 8 34 31 24 31 29 22 34 31 24 34 31 24 26 23 18 33 31 26 17 16 14
33:Dam 18 25 35 24 36 55 19 30 48 17 28 44 18 28 44 16 18 21 6 6 6 15 16 16 18 21 26 21 28 37 10 10 10 15 15 15 11 11 11 14 14 14 9 9 9 13 14 14 32 33 33 17 17 18 15 14 14 16 18 15 17 17 16 19 19 18 15 14 14 19 19 19 26 23 20 32 29 26 33 32 32 35 35 35 36 36 36 35 35 35 35 35 35 33 33 33 36 37 37 38 38 38 37 37 37 38 38 38 35 35 35 34 34 34 37 37 37 36 36 37 26 26 27 27 27 27 27 27 27 26 26 26 27 27 27 24 21 18 34 34 33 27 27 28
34:Facility 48 60 62 48 60 62 49 61 64 49 61 64 49 62 64 49 62 64 51 64 66 32 40 42 66 82 85 53 66 68 68 85 88 65 81 85 64 80 83 59 74 77 58 73 75 43 54 55 67 83 86 62 77 80 52 65 68 71 89 92 62 78 81 57 71 74 65 81 84 42 52 54 66 82 85 59 74 77 57 71 74 56 70 73 64 80 83 67 83 87 66 82 85 43 54 56 64 80 83 58 73 76 55 68 71 53 65 68 49 60 62 66 82 85 65 80 84 41 52 53 50 62 64 41 51 53 37 46 47 44 54 57 45 56 58 25 25 22 50 59 60 29 36 37
35:Runway 42 35 36 51 35 36 60 50 51 55 36 37 59 49 50 56 38 39 25 25 26 25 25 25 34 37 40 37 41 44 37 41 44 37 41 44 38 42 45 38 43 45 32 32 34 33 34 34 34 37 39 34 38 40 36 40 39 47 51 31 33 37 39 34 38 40 35 34 36 34 34 35 33 36 39 31 35 37 32 35 37 31 35 37 31 35 37 32 36 38 38 38 39 39 39 40 49 40 43 56 41 42 58 48 49 56 39 40 51 44 45 49 40 41 82 83 86 89 91 95 29 31 30 30 31 30 30 31 30 30 32 30 31 32 31 20 19 16 43 43 43 54 56 57
36:Surface 62 58 57 57 52 55 61 52 58 58 51 60 51 48 60 48 46 59 51 47 57 56 52 56 72 71 73 71 71 77 70 67 77 72 65 79 67 63 79 62 62 77 61 63 76 61 65 75 75 75 79 78 78 82 78 78 85 72 72 84 91 91 103 113 113 121 122 122 129 128 129 134 76 76 77 82 82 82 88 88 88 97 97 97 104 104 104 111 111 111 117 117 118 119 119 120 91 91 92 94 94 94 95 95 95 98 98 98 88 88 88 90 90 90 107 107 107 107 107 107 74 74 75 77 77 77 77 77 77 76 76 76 74 74 74 35 33 30 78 78 77 82 82 82
37:Jungle 8 6 3 15 12 11 14 16 8 16 18 8 16 18 8 8 11 0 8 9 1 6 8 1 9 5 1 9 4 1 14 16 3 14 19 0 15 19 1 14 19 1 13 16 2 11 13 1 8 4 0 8 4 1 12 12 2 17 20 2 15 17 2 8 38 2 12 23 2 8 25 1 9 7 2 7 3 1 16 11 4 22 17 5 16 16 3 14 23 3 14 19 5 18 36 14 17 12 4 14 8 3 17 8 3 14 5 2 14 5 3 16 7 5 11 3 1 13 4 1 15 10 4 10 5 1 11 5 1 11 5 1 14 7 3 22 18 14 22 14 11 13 4 2
38:Temple 18 17 14 46 20 13 40 17 12 15 18 11 16 20 13 14 14 15 13 13 16 16 15 12 23 19 14 102 50 20 23 22 18 23 35 17 21 33 16 20 19 15 24 25 31 22 22 19 29 27 21 71 58 28 49 44 27 34 34 25 25 27 18 22 22 18 26 27 25 23 22 18 21 20 17 78 31 17 48 25 18 27 30 21 23 26 17 25 24 23 24 24 29 18 18 14 21 18 15 86 51 20 17 16 13 20 32 15 22 33 16 23 21 17 22 22 26 17 16 14 15 14 11 40 33 15 33 29 16 23 23 16 27 27 19 28 27 22 30 29 25 26 23 18
39:Caverns 21 23 24 21 23 24 26 23 24 34 24 25 17 21 20 21 24 25 21 23 24 24 27 28 26 29 31 22 25 27 22 25 27 17 18 11 22 25 23 21 24 26 29 33 35 34 38 40 26 30 32 25 29 32 25 30 32 22 23 11 26 30 28 24 29 31 33 39 41 35 40 43 34 37 39 33 37 35 33 37 32 28 28 14 34 37 29 32 36 33 40 46 48 39 44 46 36 40 43 39 45 48 41 48 49 34 34 17 38 43 39 34 39 42 44 52 55 42 48 50 28 33 35 32 37 40 35 41 44 31 31 15 33 38 34 12 13 13 38 41 42 25 29 31
41:Cradle 78 86 74 77 86 74 74 83 74 68 77 73 64 75 74 58 70 74 56 69 74 59 71 74 86 101 99 87 101 99 86 101 99 85 99 98 87 101 99 83 98 99 80 95 99 77 94 99 65 84 99 62 81 99 61 80 97 60 78 96 64 82 98 64 83 99 65 84 99 64 83 99 61 81 102 61 81 102 60 80 100 55 69 82 60 67 75 57 75 93 60 80 101 61 81 102 61 81 102 60 78 97 50 64 78 59 66 73 69 70 71 48 59 70 53 68 83 57 75 94 45 59 73 41 51 61 36 46 56 50 51 53 56 56 56 27 27 26 42 49 57 38 48 59
43:Surface2 17 9 9 16 9 8 15 8 7 15 7 7 15 7 7 14 7 7 15 7 7 15 8 8 22 12 12 21 12 12 21 11 11 21 10 10 20 10 10 20 10 10 21 11 11 21 12 11 28 20 20 27 18 18 25 16 16 22 12 12 24 15 15 29 20 20 34 25 25 38 29 30 35 27 27 36 29 29 37 29 29 38 31 31 39 32 32 42 34 34 44 37 37 46 39 39 55 50 50 57 52 52 58 53 53 59 55 55 54 50 50 55 51 51 64 59 59 64 59 59 50 47 47 52 49 49 53 50 50 52 49 49 51 48 48 29 26 23 57 54 53 55 52 52
45:Basement 16 16 16 41 16 11 44 21 19 24 27 24 25 29 25 22 23 26 24 24 29 10 10 10 24 21 19 98 47 19 24 24 24 27 40 25 20 33 18 26 27 26 31 33 42 15 15 16 19 19 19 58 47 23 37 35 25 26 30 26 26 31 26 26 27 27 30 32 34 17 17 17 17 16 16 81 35 23 46 24 21 14 18 14 8 12 8 10 10 14 14 15 24 17 17 17 9 6 4 83 48 18 20 21 20 14 28 14 16 29 16 19 19 19 21 23 29 18 18 19 14 16 14 43 39 23 34 33 21 15 18 15 11 14 11 20 21 21 20 21 22 17 17 17
46:Stack 14 13 13 55 29 25 48 26 23 29 32 29 30 32 28 26 26 30 22 22 27 21 21 21 20 20 15 96 47 17 14 17 13 16 32 15 15 31 14 15 18 14 18 22 29 18 20 18 10 16 8 60 52 22 57 52 36 49 48 39 49 49 39 31 32 26 12 20 14 9 18 7 22 22 22 83 37 25 50 27 25 28 32 28 28 32 28 29 29 33 31 31 40 26 25 25 16 18 10 83 51 17 13 18 12 13 30 12 14 30 12 14 18 13 17 23 23 12 17 12 26 26 21 58 50 30 51 46 31 38 37 31 38 38 31 39 37 32 38 37 33 28 28 23
48:Library 14 13 13 55 29 25 48 26 23 29 32 29 30 32 28 26 26 30 22 22 27 21 21 21 20 20 15 96 47 17 14 17 13 16 32 15 15 31 14 15 18 14 18 22 29 18 20 18 10 16 8 60 52 22 57 52 36 49 48 39 49 49 39 31 32 26 12 20 14 9 18 7 22 22 22 83 37 25 50 27 25 28 32 28 28 32 28 29 29 33 31 31 40 26 25 25 16 18 10 83 51 17 13 18 12 13 30 12 14 30 12 14 18 13 17 23 23 12 17 12 26 26 21 58 50 30 51 46 31 38 37 31 38 38 31 39 37 32 38 37 33 28 28 23
50:Caves 2 2 1 33 8 2 27 5 1 2 5 1 3 7 2 5 5 8 3 3 7 2 2 1 8 5 1 89 38 9 4 6 2 5 19 3 4 17 2 8 10 5 8 12 18 3 4 3 22 21 12 71 58 24 47 42 21 33 34 19 32 34 20 32 31 20 29 30 23 23 22 13 7 5 2 64 18 5 30 8 4 3 7 2 1 6 1 7 7 9 8 10 16 3 5 1 19 15 7 82 46 12 9 9 5 12 26 7 12 25 6 11 11 8 11 14 17 4 7 4 7 8 3 30 25 7 24 21 7 17 17 8 17 18 8 16 15 9 10 11 8 3 4 1
54:Cuba 3 6 1 13 16 11 17 19 14 12 15 10 25 23 19 2 5 1 3 6 1 15 12 8 6 15 2 5 13 2 9 15 4 9 15 4 25 24 13 7 13 3 6 17 2 19 19 9 34 22 9 36 29 7 30 29 5 47 35 17 38 35 19 34 18 6 34 23 6 33 27 7 52 31 12 46 26 10 42 24 9 41 30 10 39 28 11 46 28 11 53 32 12 52 31 12 44 26 9 34 21 9 34 22 9 31 23 12 39 26 13 41 25 11 34 21 8 41 26 10 27 16 6 24 14 5 19 12 5 20 12 6 23 15 7 24 14 5 30 19 7 32 21 8
